%Matrices en comun
P = [1 0 1; 1 1 1; 1 1 0];
I = eye(3);
generator_matrix = [I P'];
data_all = [0 0 0; 0 0 1; 0 1 0; 0 1 1; 1 0 0; 1 0 1; 1 1 0; 1 1 1];
t = 1;
